-54 -2 -1 2
-54 -2 0 -2
-54 0 -1 -2
-54 0 -1 2
-54 0 0 -2
-54 0 0 2
-54 2 -1 -2
-54 2 0 2
-53 -4 -2 2
-53 -4 -1 3
-53 -4 0 -3
-53 -4 1 -2
-53 -2 -2 2
-53 -2 1 -2
-53 -1 -1 -3
-53 -1 0 3
-53 1 -1 3
-53 1 0 -3
-53 2 -2 -2
-53 2 1 2
-53 4 -2 -2
-53 4 -1 -3
-53 4 0 3
-53 4 1 2
-52 -7 -2 3
-52 -7 1 -3
-52 -3 -1 3
-52 -3 0 -3
-52 -2 -2 3
-52 -2 1 -3
-52 0 -1 -3
-52 0 -1 3
-52 0 0 -3
-52 0 0 3
-52 2 -2 -3
-52 2 1 3
-52 3 -1 -3
-52 3 0 3
-52 7 -2 -3
-52 7 1 3
-51 -6 -3 2
-51 -6 -2 3
-51 -6 1 -3
-51 -6 2 -2
-51 -4 -3 2
-51 -4 2 -2
-51 -3 -2 3
-51 -3 1 -3
-51 -2 -1 3
-51 -2 0 -3
-51 -1 -1 3
-51 -1 0 -3
-51 1 -1 -3
-51 1 0 3
-51 2 -1 -3
-51 2 0 3
-51 3 -2 -3
-51 3 1 3
-51 4 -3 -2
-51 4 2 2
-51 6 -3 -2
-51 6 -2 -3
-51 6 1 3
-51 6 2 2
-50 -10 -3 3
-50 -10 2 -3
-50 -5 -3 3
-50 -5 -2 3
-50 -5 -1 4
-50 -5 0 -4
-50 -5 1 -3
-50 -5 2 -3
-50 -4 -2 3
-50 -4 1 -3
-50 -1 -1 -4
-50 -1 0 4
-50 1 -1 4
-50 1 0 -4
-50 4 -2 -3
-50 4 1 3
-50 5 -3 -3
-50 5 -2 -3
-50 5 -1 -4
-50 5 0 4
-50 5 1 3
-50 5 2 3
-50 10 -3 -3
-50 10 2 3
-49 -9 -3 3
-49 -9 -2 4
-49 -9 1 -4
-49 -9 2 -3
-49 -6 -3 3
-49 -6 2 -3
-49 -4 -1 4
-49 -4 0 -4
-49 -3 -2 4
-49 -3 1 -4
-49 0 -1 -4
-49 0 -1 4
-49 0 0 -4
-49 0 0 4
-49 3 -2 -4
-49 3 1 4
-49 4 -1 -4
-49 4 0 4
-49 6 -3 -3
-49 6 2 3
-49 9 -3 -3
-49 9 -2 -4
-49 9 1 4
-49 9 2 3
-48 -8 -4 2
-48 -8 -3 3
-48 -8 -2 4
-48 -8 1 -4
-48 -8 2 -3
-48 -8 3 -2
-48 -7 -3 3
-48 -7 2 -3
-48 -6 -4 2
-48 -6 3 -2
-48 -4 -2 4
-48 -4 1 -4
-48 -3 -1 4
-48 -3 0 -4
-48 -1 -1 4
-48 -1 0 -4
-48 1 -1 -4
-48 1 0 4
-48 3 -1 -4
-48 3 0 4
-48 4 -2 -4
-48 4 1 4
-48 6 -4 -2
-48 6 3 2
-48 7 -3 -3
-48 7 2 3
-48 8 -4 -2
-48 8 -3 -3
-48 8 -2 -4
-48 8 1 4
-48 8 2 3
-48 8 3 2
-47 -13 -4 3
-47 -13 -3 4
-47 -13 2 -4
-47 -13 3 -3
-47 -8 -4 3
-47 -8 3 -3
-47 -7 -3 4
-47 -7 -2 4
-47 -7 -1 5
-47 -7 0 -5
-47 -7 1 -4
-47 -7 2 -4
-47 -5 -2 4
-47 -5 1 -4
-47 -2 -1 -5
-47 -2 0 5
-47 2 -1 5
-47 2 0 -5
-47 5 -2 -4
-47 5 1 4
-47 7 -3 -4
-47 7 -2 -4
-47 7 -1 -5
-47 7 0 5
-47 7 1 4
-47 7 2 4
-47 8 -4 -3
-47 8 3 3
-47 13 -4 -3
-47 13 -3 -4
-47 13 2 4
-47 13 3 3
-46 -12 -4 3
-46 -12 -3 4
-46 -12 -2 5
-46 -12 1 -5
-46 -12 2 -4
-46 -12 3 -3
-46 -9 -4 3
-46 -9 3 -3
-46 -8 -3 4
-46 -8 2 -4
-46 -6 -1 5
-46 -6 0 -5
-46 -3 -2 5
-46 -3 1 -5
-46 -1 -1 -5
-46 -1 0 5
-46 1 -1 5
-46 1 0 -5
-46 3 -2 -5
-46 3 1 5
-46 6 -1 -5
-46 6 0 5
-46 8 -3 -4
-46 8 2 4
-46 9 -4 -3
-46 9 3 3
-46 12 -4 -3
-46 12 -3 -4
-46 12 -2 -5
-46 12 1 5
-46 12 2 4
-46 12 3 3
-45 -11 -4 3
-45 -11 -3 4
-45 -11 -2 5
-45 -11 1 -5
-45 -11 2 -4
-45 -11 3 -3
-45 -10 -4 3
-45 -10 3 -3
-45 -9 -3 4
-45 -9 2 -4
-45 -5 -1 5
-45 -5 0 -5
-45 -4 -2 5
-45 -4 1 -5
-45 0 -1 -5
-45 0 -1 5
-45 0 0 -5
-45 0 0 5
-45 4 -2 -5
-45 4 1 5
-45 5 -1 -5
-45 5 0 5
-45 9 -3 -4
-45 9 2 4
-45 10 -4 -3
-45 10 3 3
-45 11 -4 -3
-45 11 -3 -4
-45 11 -2 -5
-45 11 1 5
-45 11 2 4
-45 11 3 3
-44 -17 -4 4
-44 -17 -3 5
-44 -17 2 -5
-44 -17 3 -4
-44 -11 -4 4
-44 -11 3 -4
-44 -10 -5 2
-44 -10 -2 5
-44 -10 1 -5
-44 -10 4 -2
-44 -8 -5 2
-44 -8 -3 5
-44 -8 2 -5
-44 -8 4 -2
-44 -5 -2 5
-44 -5 1 -5
-44 -4 -1 5
-44 -4 0 -5
-44 -1 -1 5
-44 -1 0 -5
-44 1 -1 -5
-44 1 0 5
-44 4 -1 -5
-44 4 0 5
-44 5 -2 -5
-44 5 1 5
-44 8 -5 -2
-44 8 -3 -5
-44 8 2 5
-44 8 4 2
-44 10 -5 -2
-44 10 -2 -5
-44 10 1 5
-44 10 4 2
-44 11 -4 -4
-44 11 3 4
-44 17 -4 -4
-44 17 -3 -5
-44 17 2 5
-44 17 3 4
-43 -16 -5 3
-43 -16 -4 4
-43 -16 -3 5
-43 -16 2 -5
-43 -16 3 -4
-43 -16 4 -3
-43 -12 -4 4
-43 -12 3 -4
-43 -11 -5 3
-43 -11 4 -3
-43 -9 -3 5
-43 -9 -2 5
-43 -9 1 -5
-43 -9 2 -5
-43 -6 -2 5
-43 -6 1 -5
-43 -3 -1 5
-43 -3 0 -5
-43 -2 -1 5
-43 -2 0 -5
-43 2 -1 -5
-43 2 0 5
-43 3 -1 -5
-43 3 0 5
-43 6 -2 -5
-43 6 1 5
-43 9 -3 -5
-43 9 -2 -5
-43 9 1 5
-43 9 2 5
-43 11 -5 -3
-43 11 4 3
-43 12 -4 -4
-43 12 3 4
-43 16 -5 -3
-43 16 -4 -4
-43 16 -3 -5
-43 16 2 5
-43 16 3 4
-43 16 4 3
-42 -15 -5 3
-42 -15 -4 4
-42 -15 -3 5
-42 -15 2 -5
-42 -15 3 -4
-42 -15 4 -3
-42 -13 -4 4
-42 -13 3 -4
-42 -12 -5 3
-42 -12 4 -3
-42 -10 -3 5
-42 -10 2 -5
-42 -8 -2 5
-42 -8 -1 6
-42 -8 0 -6
-42 -8 1 -5
-42 -7 -2 5
-42 -7 1 -5
-42 -2 -1 -6
-42 -2 0 6
-42 2 -1 6
-42 2 0 -6
-42 7 -2 -5
-42 7 1 5
-42 8 -2 -5
-42 8 -1 -6
-42 8 0 6
-42 8 1 5
-42 10 -3 -5
-42 10 2 5
-42 12 -5 -3
-42 12 4 3
-42 13 -4 -4
-42 13 3 4
-42 15 -5 -3
-42 15 -4 -4
-42 15 -3 -5
-42 15 2 5
-42 15 3 4
-42 15 4 3
-41 -22 -4 5
-41 -22 3 -5
-41 -14 -5 3
-41 -14 -3 5
-41 -14 -2 6
-41 -14 1 -6
-41 -14 2 -5
-41 -14 4 -3
-41 -13 -5 3
-41 -13 -4 5
-41 -13 3 -5
-41 -13 4 -3
-41 -11 -3 5
-41 -11 2 -5
-41 -7 -1 6
-41 -7 0 -6
-41 -4 -2 6
-41 -4 1 -6
-41 -1 -1 -6
-41 -1 0 6
-41 1 -1 6
-41 1 0 -6
-41 4 -2 -6
-41 4 1 6
-41 7 -1 -6
-41 7 0 6
-41 11 -3 -5
-41 11 2 5
-41 13 -5 -3
-41 13 -4 -5
-41 13 3 5
-41 13 4 3
-41 14 -5 -3
-41 14 -3 -5
-41 14 -2 -6
-41 14 1 6
-41 14 2 5
-41 14 4 3
-41 22 -4 -5
-41 22 3 5
-40 -21 -5 4
-40 -21 -4 5
-40 -21 3 -5
-40 -21 4 -4
-40 -15 -5 4
-40 -15 4 -4
-40 -14 -4 5
-40 -14 3 -5
-40 -13 -3 5
-40 -13 -2 6
-40 -13 1 -6
-40 -13 2 -5
-40 -12 -3 5
-40 -12 2 -5
-40 -6 -1 6
-40 -6 0 -6
-40 -5 -2 6
-40 -5 1 -6
-40 0 -1 -6
-40 0 -1 6
-40 0 0 -6
-40 0 0 6
-40 5 -2 -6
-40 5 1 6
-40 6 -1 -6
-40 6 0 6
-40 12 -3 -5
-40 12 2 5
-40 13 -3 -5
-40 13 -2 -6
-40 13 1 6
-40 13 2 5
-40 14 -4 -5
-40 14 3 5
-40 15 -5 -4
-40 15 4 4
-40 21 -5 -4
-40 21 -4 -5
-40 21 3 5
-40 21 4 4
-39 -20 -5 4
-39 -20 -4 5
-39 -20 -3 6
-39 -20 2 -6
-39 -20 3 -5
-39 -20 4 -4
-39 -16 -5 4
-39 -16 4 -4
-39 -15 -4 5
-39 -15 3 -5
-39 -12 -6 2
-39 -12 -2 6
-39 -12 1 -6
-39 -12 5 -2
-39 -10 -6 2
-39 -10 -3 6
-39 -10 2 -6
-39 -10 5 -2
-39 -6 -2 6
-39 -6 1 -6
-39 -5 -1 6
-39 -5 0 -6
-39 -1 -1 6
-39 -1 0 -6
-39 1 -1 -6
-39 1 0 6
-39 5 -1 -6
-39 5 0 6
-39 6 -2 -6
-39 6 1 6
-39 10 -6 -2
-39 10 -3 -6
-39 10 2 6
-39 10 5 2
-39 12 -6 -2
-39 12 -2 -6
-39 12 1 6
-39 12 5 2
-39 15 -4 -5
-39 15 3 5
-39 16 -5 -4
-39 16 4 4
-39 20 -5 -4
-39 20 -4 -5
-39 20 -3 -6
-39 20 2 6
-39 20 3 5
-39 20 4 4
-38 -19 -6 3
-38 -19 -5 4
-38 -19 -4 5
-38 -19 -3 6
-38 -19 2 -6
-38 -19 3 -5
-38 -19 4 -4
-38 -19 5 -3
-38 -17 -5 4
-38 -17 4 -4
-38 -16 -4 5
-38 -16 3 -5
-38 -14 -6 3
-38 -14 5 -3
-38 -11 -3 6
-38 -11 -2 6
-38 -11 1 -6
-38 -11 2 -6
-38 -7 -2 6
-38 -7 1 -6
-38 -4 -1 6
-38 -4 0 -6
-38 -2 -1 6
-38 -2 0 -6
-38 2 -1 -6
-38 2 0 6
-38 4 -1 -6
-38 4 0 6
-38 7 -2 -6
-38 7 1 6
-38 11 -3 -6
-38 11 -2 -6
-38 11 1 6
-38 11 2 6
-38 14 -6 -3
-38 14 5 3
-38 16 -4 -5
-38 16 3 5
-38 17 -5 -4
-38 17 4 4
-38 19 -6 -3
-38 19 -5 -4
-38 19 -4 -5
-38 19 -3 -6
-38 19 2 6
-38 19 3 5
-38 19 4 4
-38 19 5 3
-37 -27 -5 5
-37 -27 4 -5
-37 -18 -6 3
-37 -18 -5 5
-37 -18 -4 5
-37 -18 -3 6
-37 -18 2 -6
-37 -18 3 -5
-37 -18 4 -5
-37 -18 5 -3
-37 -17 -4 5
-37 -17 3 -5
-37 -15 -6 3
-37 -15 5 -3
-37 -12 -3 6
-37 -12 2 -6
-37 -10 -2 6
-37 -10 1 -6
-37 -8 -2 6
-37 -8 1 -6
-37 8 -2 -6
-37 8 1 6
-37 10 -2 -6
-37 10 1 6
-37 12 -3 -6
-37 12 2 6
-37 15 -6 -3
-37 15 5 3
-37 17 -4 -5
-37 17 3 5
-37 18 -6 -3
-37 18 -5 -5
-37 18 -4 -5
-37 18 -3 -6
-37 18 2 6
-37 18 3 5
-37 18 4 5
-37 18 5 3
-37 27 -5 -5
-37 27 4 5
-36 -26 -5 5
-36 -26 -4 6
-36 -26 3 -6
-36 -26 4 -5
-36 -19 -5 5
-36 -19 4 -5
-36 -17 -6 3
-36 -17 -3 6
-36 -17 2 -6
-36 -17 5 -3
-36 -16 -6 3
-36 -16 -4 6
-36 -16 3 -6
-36 -16 5 -3
-36 -13 -3 6
-36 -13 2 -6
-36 13 -3 -6
-36 13 2 6
-36 16 -6 -3
-36 16 -4 -6
-36 16 3 6
-36 16 5 3
-36 17 -6 -3
-36 17 -3 -6
-36 17 2 6
-36 17 5 3
-36 19 -5 -5
-36 19 4 5
-36 26 -5 -5
-36 26 -4 -6
-36 26 3 6
-36 26 4 5
-35 -25 -6 4
-35 -25 -5 5
-35 -25 -4 6
-35 -25 3 -6
-35 -25 4 -5
-35 -25 5 -4
-35 -20 -5 5
-35 -20 4 -5
-35 -19 -6 4
-35 -19 5 -4
-35 -17 -4 6
-35 -17 3 -6
-35 -16 -3 6
-35 -16 2 -6
-35 -14 -3 6
-35 -14 2 -6
-35 -8 -1 7
-35 -8 0 -7
-35 -1 -1 -7
-35 -1 0 7
-35 1 -1 7
-35 1 0 -7
-35 8 -1 -7
-35 8 0 7
-35 14 -3 -6
-35 14 2 6
-35 16 -3 -6
-35 16 2 6
-35 17 -4 -6
-35 17 3 6
-35 19 -6 -4
-35 19 5 4
-35 20 -5 -5
-35 20 4 5
-35 25 -6 -4
-35 25 -5 -5
-35 25 -4 -6
-35 25 3 6
-35 25 4 5
-35 25 5 4
-34 -24 -6 4
-34 -24 -5 5
-34 -24 -4 6
-34 -24 3 -6
-34 -24 4 -5
-34 -24 5 -4
-34 -21 -5 5
-34 -21 4 -5
-34 -20 -6 4
-34 -20 5 -4
-34 -18 -4 6
-34 -18 3 -6
-34 -15 -2 7
-34 -15 1 -7
-34 -7 -1 7
-34 -7 0 -7
-34 -6 -2 7
-34 -6 1 -7
-34 0 -1 -7
-34 0 -1 7
-34 0 0 -7
-34 0 0 7
-34 6 -2 -7
-34 6 1 7
-34 7 -1 -7
-34 7 0 7
-34 15 -2 -7
-34 15 1 7
-34 18 -4 -6
-34 18 3 6
-34 20 -6 -4
-34 20 5 4
-34 21 -5 -5
-34 21 4 5
-34 24 -6 -4
-34 24 -5 -5
-34 24 -4 -6
-34 24 3 6
-34 24 4 5
-34 24 5 4
-33 -23 -6 4
-33 -23 -5 5
-33 -23 -4 6
-33 -23 3 -6
-33 -23 4 -5
-33 -23 5 -4
-33 -22 -5 5
-33 -22 4 -5
-33 -21 -6 4
-33 -21 5 -4
-33 -19 -4 6
-33 -19 3 -6
-33 -14 -7 2
-33 -14 -2 7
-33 -14 1 -7
-33 -14 6 -2
-33 -12 -7 2
-33 -12 6 -2
-33 -7 -2 7
-33 -7 1 -7
-33 -6 -1 7
-33 -6 0 -7
-33 -1 -1 7
-33 -1 0 -7
-33 1 -1 -7
-33 1 0 7
-33 6 -1 -7
-33 6 0 7
-33 7 -2 -7
-33 7 1 7
-33 12 -7 -2
-33 12 6 2
-33 14 -7 -2
-33 14 -2 -7
-33 14 1 7
-33 14 6 2
-33 19 -4 -6
-33 19 3 6
-33 21 -6 -4
-33 21 5 4
-33 22 -5 -5
-33 22 4 5
-33 23 -6 -4
-33 23 -5 -5
-33 23 -4 -6
-33 23 3 6
-33 23 4 5
-33 23 5 4
-32 -32 -6 4
-32 -32 -5 5
-32 -32 4 -6
-32 -32 5 -5
-32 -23 -6 5
-32 -23 5 -5
-32 -22 -7 3
-32 -22 -5 6
-32 -22 -4 6
-32 -22 -3 7
-32 -22 2 -7
-32 -22 3 -6
-32 -22 4 -6
-32 -22 6 -3
-32 -20 -4 6
-32 -20 3 -6
-32 -17 -7 3
-32 -17 6 -3
-32 -13 -3 7
-32 -13 -2 7
-32 -13 1 -7
-32 -13 2 -7
-32 -8 -2 7
-32 -8 1 -7
-32 8 -2 -7
-32 8 1 7
-32 13 -3 -7
-32 13 -2 -7
-32 13 1 7
-32 13 2 7
-32 17 -7 -3
-32 17 6 3
-32 20 -4 -6
-32 20 3 6
-32 22 -7 -3
-32 22 -5 -6
-32 22 -4 -6
-32 22 -3 -7
-32 22 2 7
-32 22 3 6
-32 22 4 6
-32 22 6 3
-32 23 -6 -5
-32 23 5 5
-32 32 -6 -4
-32 32 -5 -5
-32 32 4 6
-32 32 5 5
-31 -31 -6 4
-31 -31 -5 5
-31 -31 4 -6
-31 -31 5 -5
-31 -24 -6 5
-31 -24 5 -5
-31 -23 -5 6
-31 -23 4 -6
-31 -21 -7 3
-31 -21 -3 7
-31 -21 2 -7
-31 -21 6 -3
-31 -18 -7 3
-31 -18 6 -3
-31 -14 -3 7
-31 -14 2 -7
-31 14 -3 -7
-31 14 2 7
-31 18 -7 -3
-31 18 6 3
-31 21 -7 -3
-31 21 -3 -7
-31 21 2 7
-31 21 6 3
-31 23 -5 -6
-31 23 4 6
-31 24 -6 -5
-31 24 5 5
-31 31 -6 -4
-31 31 -5 -5
-31 31 4 6
-31 31 5 5
-30 -30 -6 4
-30 -30 -5 5
-30 -30 4 -6
-30 -30 5 -5
-30 -25 -6 5
-30 -25 5 -5
-30 -24 -5 6
-30 -24 4 -6
-30 -20 -7 3
-30 -20 -3 7
-30 -20 2 -7
-30 -20 6 -3
-30 -19 -7 3
-30 -19 6 -3
-30 -15 -3 7
-30 -15 2 -7
-30 15 -3 -7
-30 15 2 7
-30 19 -7 -3
-30 19 6 3
-30 20 -7 -3
-30 20 -3 -7
-30 20 2 7
-30 20 6 3
-30 24 -5 -6
-30 24 4 6
-30 25 -6 -5
-30 25 5 5
-30 30 -6 -4
-30 30 -5 -5
-30 30 4 6
-30 30 5 5
-29 -29 -7 3
-29 -29 -6 4
-29 -29 -5 5
-29 -29 -4 6
-29 -29 3 -7
-29 -29 4 -6
-29 -29 5 -5
-29 -29 6 -4
-29 -26 -6 5
-29 -26 5 -5
-29 -25 -5 6
-29 -25 4 -6
-29 -23 -7 4
-29 -23 6 -4
-29 -20 -4 7
-29 -20 3 -7
-29 20 -4 -7
-29 20 3 7
-29 23 -7 -4
-29 23 6 4
-29 25 -5 -6
-29 25 4 6
-29 26 -6 -5
-29 26 5 5
-29 29 -7 -3
-29 29 -6 -4
-29 29 -5 -5
-29 29 -4 -6
-29 29 3 7
-29 29 4 6
-29 29 5 5
-29 29 6 4
-28 -28 -7 3
-28 -28 -6 4
-28 -28 -5 5
-28 -28 -4 6
-28 -28 3 -7
-28 -28 4 -6
-28 -28 5 -5
-28 -28 6 -4
-28 -27 -6 5
-28 -27 5 -5
-28 -26 -5 6
-28 -26 4 -6
-28 -24 -7 4
-28 -24 6 -4
-28 -21 -4 7
-28 -21 3 -7
-28 -9 -1 8
-28 -9 0 -8
-28 -1 -1 -8
-28 -1 0 8
-28 1 -1 8
-28 1 0 -8
-28 9 -1 -8
-28 9 0 8
-28 21 -4 -7
-28 21 3 7
-28 24 -7 -4
-28 24 6 4
-28 26 -5 -6
-28 26 4 6
-28 27 -6 -5
-28 27 5 5
-28 28 -7 -3
-28 28 -6 -4
-28 28 -5 -5
-28 28 -4 -6
-28 28 3 7
-28 28 4 6
-28 28 5 5
-28 28 6 4
-27 -37 -5 4
-27 -37 5 -5
-27 -28 -5 5
-27 -28 5 -6
-27 -27 -7 3
-27 -27 -4 6
-27 -27 3 -7
-27 -27 6 -4
-27 -25 -7 4
-27 -25 6 -4
-27 -22 -4 7
-27 -22 3 -7
-27 -17 -2 8
-27 -17 1 -8
-27 -8 -1 8
-27 -8 0 -8
-27 -7 -2 8
-27 -7 1 -8
-27 0 -1 -8
-27 0 -1 8
-27 0 0 -8
-27 0 0 8
-27 7 -2 -8
-27 7 1 8
-27 8 -1 -8
-27 8 0 8
-27 17 -2 -8
-27 17 1 8
-27 22 -4 -7
-27 22 3 7
-27 25 -7 -4
-27 25 6 4
-27 27 -7 -3
-27 27 -4 -6
-27 27 3 7
-27 27 6 4
-27 28 -5 -5
-27 28 5 6
-27 37 -5 -4
-27 37 5 5
-26 -36 -6 3
-26 -36 -5 4
-26 -36 5 -5
-26 -36 6 -4
-26 -29 -5 5
-26 -29 5 -6
-26 -28 -6 4
-26 -28 6 -5
-26 -16 -8 2
-26 -16 -2 8
-26 -16 1 -8
-26 -16 7 -2
-26 -14 -8 2
-26 -14 7 -2
-26 -8 -2 8
-26 -8 1 -8
-26 -7 -1 8
-26 -7 0 -8
-26 -1 -1 8
-26 -1 0 -8
-26 1 -1 -8
-26 1 0 8
-26 7 -1 -8
-26 7 0 8
-26 8 -2 -8
-26 8 1 8
-26 14 -8 -2
-26 14 7 2
-26 16 -8 -2
-26 16 -2 -8
-26 16 1 8
-26 16 7 2
-26 28 -6 -4
-26 28 6 5
-26 29 -5 -5
-26 29 5 6
-26 36 -6 -3
-26 36 -5 -4
-26 36 5 5
-26 36 6 4
-25 -35 -6 3
-25 -35 -5 4
-25 -35 -4 5
-25 -35 4 -6
-25 -35 5 -5
-25 -35 6 -4
-25 -30 -5 5
-25 -30 5 -6
-25 -29 -6 4
-25 -29 6 -5
-25 -27 -4 6
-25 -27 4 -7
-25 -25 -8 2
-25 -25 -3 7
-25 -25 2 -8
-25 -25 7 -3
-25 -20 -8 3
-25 -20 7 -3
-25 -15 -3 8
-25 -15 -2 8
-25 -15 1 -8
-25 -15 2 -8
-25 -9 -2 8
-25 -9 1 -8
-25 9 -2 -8
-25 9 1 8
-25 15 -3 -8
-25 15 -2 -8
-25 15 1 8
-25 15 2 8
-25 20 -8 -3
-25 20 7 3
-25 25 -8 -2
-25 25 -3 -7
-25 25 2 8
-25 25 7 3
-25 27 -4 -6
-25 27 4 7
-25 29 -6 -4
-25 29 6 5
-25 30 -5 -5
-25 30 5 6
-25 35 -6 -3
-25 35 -5 -4
-25 35 -4 -5
-25 35 4 6
-25 35 5 5
-25 35 6 4
-24 -34 -6 3
-24 -34 -5 4
-24 -34 -4 5
-24 -34 4 -6
-24 -34 5 -5
-24 -34 6 -4
-24 -31 -5 5
-24 -31 5 -6
-24 -30 -6 4
-24 -30 6 -5
-24 -28 -4 6
-24 -28 4 -7
-24 -24 -8 2
-24 -24 -3 7
-24 -24 2 -8
-24 -24 7 -3
-24 -21 -8 3
-24 -21 7 -3
-24 -16 -3 8
-24 -16 2 -8
-24 16 -3 -8
-24 16 2 8
-24 21 -8 -3
-24 21 7 3
-24 24 -8 -2
-24 24 -3 -7
-24 24 2 8
-24 24 7 3
-24 28 -4 -6
-24 28 4 7
-24 30 -6 -4
-24 30 6 5
-24 31 -5 -5
-24 31 5 6
-24 34 -6 -3
-24 34 -5 -4
-24 34 -4 -5
-24 34 4 6
-24 34 5 5
-24 34 6 4
-23 -33 -6 3
-23 -33 -5 4
-23 -33 -4 5
-23 -33 4 -6
-23 -33 5 -5
-23 -33 6 -4
-23 -32 -5 5
-23 -32 5 -6
-23 -31 -6 4
-23 -31 6 -5
-23 -29 -4 6
-23 -29 4 -7
-23 -23 -8 2
-23 -23 -3 7
-23 -23 2 -8
-23 -23 7 -3
-23 -22 -8 3
-23 -22 7 -3
-23 -17 -3 8
-23 -17 2 -8
-23 17 -3 -8
-23 17 2 8
-23 22 -8 -3
-23 22 7 3
-23 23 -8 -2
-23 23 -3 -7
-23 23 2 8
-23 23 7 3
-23 29 -4 -6
-23 29 4 7
-23 31 -6 -4
-23 31 6 5
-23 32 -5 -5
-23 32 5 6
-23 33 -6 -3
-23 33 -5 -4
-23 33 -4 -5
-23 33 4 6
-23 33 5 5
-23 33 6 4
-22 -41 -5 3
-22 -41 5 -4
-22 -33 -5 4
-22 -33 5 -5
-22 -32 -7 2
-22 -32 -6 3
-22 -32 -6 4
-22 -32 -3 6
-22 -32 3 -7
-22 -32 6 -5
-22 -32 6 -4
-22 -32 7 -3
-22 -27 -7 3
-22 -27 7 -4
-22 -23 -3 7
-22 -23 3 -8
-22 23 -3 -7
-22 23 3 8
-22 27 -7 -3
-22 27 7 4
-22 32 -7 -2
-22 32 -6 -4
-22 32 -6 -3
-22 32 -3 -6
-22 32 3 7
-22 32 6 4
-22 32 6 5
-22 32 7 3
-22 33 -5 -4
-22 33 5 5
-22 41 -5 -3
-22 41 5 4
-21 -40 -5 3
-21 -40 -4 4
-21 -40 4 -5
-21 -40 5 -4
-21 -34 -5 4
-21 -34 5 -5
-21 -33 -4 5
-21 -33 4 -6
-21 -31 -7 2
-21 -31 -3 6
-21 -31 3 -7
-21 -31 7 -3
-21 -28 -7 3
-21 -28 7 -4
-21 -24 -3 7
-21 -24 3 -8
-21 24 -3 -7
-21 24 3 8
-21 28 -7 -3
-21 28 7 4
-21 31 -7 -2
-21 31 -3 -6
-21 31 3 7
-21 31 7 3
-21 33 -4 -5
-21 33 4 6
-21 34 -5 -4
-21 34 5 5
-21 40 -5 -3
-21 40 -4 -4
-21 40 4 5
-21 40 5 4
-20 -39 -6 2
-20 -39 -5 3
-20 -39 -4 4
-20 -39 4 -5
-20 -39 5 -4
-20 -39 6 -3
-20 -35 -5 4
-20 -35 5 -5
-20 -34 -4 5
-20 -34 4 -6
-20 -32 -6 3
-20 -32 6 -4
-20 -30 -7 2
-20 -30 -3 6
-20 -30 3 -7
-20 -30 7 -3
-20 -29 -7 3
-20 -29 7 -4
-20 -25 -3 7
-20 -25 3 -8
-20 25 -3 -7
-20 25 3 8
-20 29 -7 -3
-20 29 7 4
-20 30 -7 -2
-20 30 -3 -6
-20 30 3 7
-20 30 7 3
-20 32 -6 -3
-20 32 6 4
-20 34 -4 -5
-20 34 4 6
-20 35 -5 -4
-20 35 5 5
-20 39 -6 -2
-20 39 -5 -3
-20 39 -4 -4
-20 39 4 5
-20 39 5 4
-20 39 6 3
-19 -38 -6 2
-19 -38 -5 3
-19 -38 -4 4
-19 -38 -3 5
-19 -38 3 -6
-19 -38 4 -5
-19 -38 5 -4
-19 -38 6 -3
-19 -36 -5 4
-19 -36 5 -5
-19 -35 -4 5
-19 -35 4 -6
-19 -33 -6 3
-19 -33 6 -4
-19 -30 -3 6
-19 -30 3 -7
-19 -9 -1 9
-19 -9 0 -9
-19 0 -1 -9
-19 0 -1 9
-19 0 0 -9
-19 0 0 9
-19 9 -1 -9
-19 9 0 9
-19 30 -3 -6
-19 30 3 7
-19 33 -6 -3
-19 33 6 4
-19 35 -4 -5
-19 35 4 6
-19 36 -5 -4
-19 36 5 5
-19 38 -6 -2
-19 38 -5 -3
-19 38 -4 -4
-19 38 -3 -5
-19 38 3 6
-19 38 4 5
-19 38 5 4
-19 38 6 3
-18 -37 -6 2
-18 -37 -5 3
-18 -37 -5 4
-18 -37 -3 5
-18 -37 3 -6
-18 -37 5 -5
-18 -37 5 -4
-18 -37 6 -3
-18 -34 -6 3
-18 -34 6 -4
-18 -31 -3 6
-18 -31 3 -7
-18 -18 -9 1
-18 -18 -2 8
-18 -18 1 -9
-18 -18 8 -2
-18 -16 -9 2
-18 -16 8 -2
-18 -9 -2 9
-18 -9 1 -9
-18 9 -2 -9
-18 9 1 9
-18 16 -9 -2
-18 16 8 2
-18 18 -9 -1
-18 18 -2 -8
-18 18 1 9
-18 18 8 2
-18 31 -3 -6
-18 31 3 7
-18 34 -6 -3
-18 34 6 4
-18 37 -6 -2
-18 37 -5 -4
-18 37 -5 -3
-18 37 -3 -5
-18 37 3 6
-18 37 5 4
-18 37 5 5
-18 37 6 3
-17 -44 -5 2
-17 -44 -4 3
-17 -44 4 -4
-17 -44 5 -3
-17 -38 -4 4
-17 -38 4 -5
-17 -37 -5 3
-17 -37 5 -4
-17 -36 -6 2
-17 -36 -3 5
-17 -36 3 -6
-17 -36 6 -3
-17 -35 -6 3
-17 -35 6 -4
-17 -32 -3 6
-17 -32 3 -7
-17 -27 -8 1
-17 -27 8 -2
-17 -23 -8 2
-17 -23 8 -3
-17 23 -8 -2
-17 23 8 3
-17 27 -8 -1
-17 27 8 2
-17 32 -3 -6
-17 32 3 7
-17 35 -6 -3
-17 35 6 4
-17 36 -6 -2
-17 36 -3 -5
-17 36 3 6
-17 36 6 3
-17 37 -5 -3
-17 37 5 4
-17 38 -4 -4
-17 38 4 5
-17 44 -5 -2
-17 44 -4 -3
-17 44 4 4
-17 44 5 3
-16 -43 -5 2
-16 -43 -4 3
-16 -43 -3 4
-16 -43 3 -5
-16 -43 4 -4
-16 -43 5 -3
-16 -39 -4 4
-16 -39 4 -5
-16 -38 -5 3
-16 -38 5 -4
-16 -36 -6 3
-16 -36 -3 5
-16 -36 3 -6
-16 -36 6 -4
-16 -35 -6 2
-16 -35 6 -3
-16 -26 -8 1
-16 -26 -2 7
-16 -26 2 -8
-16 -26 8 -2
-16 -24 -8 2
-16 -24 8 -3
-16 -18 -2 8
-16 -18 2 -9
-16 18 -2 -8
-16 18 2 9
-16 24 -8 -2
-16 24 8 3
-16 26 -8 -1
-16 26 -2 -7
-16 26 2 8
-16 26 8 2
-16 35 -6 -2
-16 35 6 3
-16 36 -6 -3
-16 36 -3 -5
-16 36 3 6
-16 36 6 4
-16 38 -5 -3
-16 38 5 4
-16 39 -4 -4
-16 39 4 5
-16 43 -5 -2
-16 43 -4 -3
-16 43 -3 -4
-16 43 3 5
-16 43 4 4
-16 43 5 3
-15 -42 -5 2
-15 -42 -4 3
-15 -42 -3 4
-15 -42 3 -5
-15 -42 4 -4
-15 -42 5 -3
-15 -40 -4 4
-15 -40 4 -5
-15 -39 -5 3
-15 -39 5 -4
-15 -37 -3 5
-15 -37 3 -6
-15 -34 -7 1
-15 -34 7 -2
-15 -30 -7 2
-15 -30 7 -3
-15 -25 -8 1
-15 -25 -8 2
-15 -25 8 -3
-15 -25 8 -2
-15 25 -8 -2
-15 25 -8 -1
-15 25 8 2
-15 25 8 3
-15 30 -7 -2
-15 30 7 3
-15 34 -7 -1
-15 34 7 2
-15 37 -3 -5
-15 37 3 6
-15 39 -5 -3
-15 39 5 4
-15 40 -4 -4
-15 40 4 5
-15 42 -5 -2
-15 42 -4 -3
-15 42 -3 -4
-15 42 3 5
-15 42 4 4
-15 42 5 3
-14 -41 -6 1
-14 -41 -5 2
-14 -41 -3 4
-14 -41 3 -5
-14 -41 5 -3
-14 -41 6 -2
-14 -40 -5 3
-14 -40 5 -4
-14 -38 -3 5
-14 -38 3 -6
-14 -35 -6 2
-14 -35 6 -3
-14 -33 -7 1
-14 -33 -2 6
-14 -33 2 -7
-14 -33 7 -2
-14 -31 -7 2
-14 -31 7 -3
-14 -26 -2 7
-14 -26 2 -8
-14 26 -2 -7
-14 26 2 8
-14 31 -7 -2
-14 31 7 3
-14 33 -7 -1
-14 33 -2 -6
-14 33 2 7
-14 33 7 2
-14 35 -6 -2
-14 35 6 3
-14 38 -3 -5
-14 38 3 6
-14 40 -5 -3
-14 40 5 4
-14 41 -6 -1
-14 41 -5 -2
-14 41 -3 -4
-14 41 3 5
-14 41 5 3
-14 41 6 2
-13 -47 -4 2
-13 -47 -3 3
-13 -47 3 -4
-13 -47 4 -3
-13 -42 -4 3
-13 -42 4 -4
-13 -41 -5 3
-13 -41 -3 4
-13 -41 3 -5
-13 -41 5 -4
-13 -40 -6 1
-13 -40 -5 2
-13 -40 5 -3
-13 -40 6 -2
-13 -36 -6 2
-13 -36 6 -3
-13 -32 -7 1
-13 -32 -7 2
-13 -32 7 -3
-13 -32 7 -2
-13 32 -7 -2
-13 32 -7 -1
-13 32 7 2
-13 32 7 3
-13 36 -6 -2
-13 36 6 3
-13 40 -6 -1
-13 40 -5 -2
-13 40 5 3
-13 40 6 2
-13 41 -5 -3
-13 41 -3 -4
-13 41 3 5
-13 41 5 4
-13 42 -4 -3
-13 42 4 4
-13 47 -4 -2
-13 47 -3 -3
-13 47 3 4
-13 47 4 3
-12 -46 -5 1
-12 -46 -4 2
-12 -46 -3 3
-12 -46 3 -4
-12 -46 4 -3
-12 -46 5 -2
-12 -43 -4 3
-12 -43 4 -4
-12 -42 -3 4
-12 -42 3 -5
-12 -40 -5 2
-12 -40 5 -3
-12 -39 -6 1
-12 -39 -2 5
-12 -39 2 -6
-12 -39 6 -2
-12 -37 -6 2
-12 -37 6 -3
-12 -33 -2 6
-12 -33 2 -7
-12 33 -2 -6
-12 33 2 7
-12 37 -6 -2
-12 37 6 3
-12 39 -6 -1
-12 39 -2 -5
-12 39 2 6
-12 39 6 2
-12 40 -5 -2
-12 40 5 3
-12 42 -3 -4
-12 42 3 5
-12 43 -4 -3
-12 43 4 4
-12 46 -5 -1
-12 46 -4 -2
-12 46 -3 -3
-12 46 3 4
-12 46 4 3
-12 46 5 2
-11 -45 -5 1
-11 -45 -4 2
-11 -45 -3 3
-11 -45 3 -4
-11 -45 4 -3
-11 -45 5 -2
-11 -44 -4 3
-11 -44 4 -4
-11 -43 -3 4
-11 -43 3 -5
-11 -41 -5 2
-11 -41 5 -3
-11 -38 -6 1
-11 -38 -6 2
-11 -38 6 -3
-11 -38 6 -2
-11 38 -6 -2
-11 38 -6 -1
-11 38 6 2
-11 38 6 3
-11 41 -5 -2
-11 41 5 3
-11 43 -3 -4
-11 43 3 5
-11 44 -4 -3
-11 44 4 4
-11 45 -5 -1
-11 45 -4 -2
-11 45 -3 -3
-11 45 3 4
-11 45 4 3
-11 45 5 2
-10 -50 -3 2
-10 -50 3 -3
-10 -45 -3 3
-10 -45 3 -4
-10 -44 -5 1
-10 -44 -2 4
-10 -44 2 -5
-10 -44 5 -2
-10 -42 -5 2
-10 -42 5 -3
-10 -39 -6 2
-10 -39 -2 5
-10 -39 2 -6
-10 -39 6 -3
-10 -37 -6 1
-10 -37 6 -2
-10 37 -6 -1
-10 37 6 2
-10 39 -6 -2
-10 39 -2 -5
-10 39 2 6
-10 39 6 3
-10 42 -5 -2
-10 42 5 3
-10 44 -5 -1
-10 44 -2 -4
-10 44 2 5
-10 44 5 2
-10 45 -3 -3
-10 45 3 4
-10 50 -3 -2
-10 50 3 3
-9 -49 -4 1
-9 -49 -3 2
-9 -49 3 -3
-9 -49 4 -2
-9 -46 -3 3
-9 -46 3 -4
-9 -45 -4 2
-9 -45 4 -3
-9 -43 -5 1
-9 -43 -5 2
-9 -43 5 -3
-9 -43 5 -2
-9 -28 -8 0
-9 -28 8 -1
-9 -25 -8 1
-9 -25 8 -2
-9 -19 -9 0
-9 -19 9 -1
-9 -18 -9 1
-9 -18 9 -2
-9 18 -9 -1
-9 18 9 2
-9 19 -9 0
-9 19 9 1
-9 25 -8 -1
-9 25 8 2
-9 28 -8 0
-9 28 8 1
-9 43 -5 -2
-9 43 -5 -1
-9 43 5 2
-9 43 5 3
-9 45 -4 -2
-9 45 4 3
-9 46 -3 -3
-9 46 3 4
-9 49 -4 -1
-9 49 -3 -2
-9 49 3 3
-9 49 4 2
-8 -48 -4 1
-8 -48 -3 2
-8 -48 -2 3
-8 -48 2 -4
-8 -48 3 -3
-8 -48 4 -2
-8 -47 -3 3
-8 -47 3 -4
-8 -46 -4 2
-8 -46 4 -3
-8 -44 -5 2
-8 -44 -2 4
-8 -44 2 -5
-8 -44 5 -3
-8 -42 -6 0
-8 -42 -5 1
-8 -42 5 -2
-8 -42 6 -1
-8 -37 -6 1
-8 -37 6 -2
-8 -35 -7 0
-8 -35 7 -1
-8 -32 -7 1
-8 -32 7 -2
-8 -27 -8 0
-8 -27 8 -1
-8 -26 -8 1
-8 -26 8 -2
-8 26 -8 -1
-8 26 8 2
-8 27 -8 0
-8 27 8 1
-8 32 -7 -1
-8 32 7 2
-8 35 -7 0
-8 35 7 1
-8 37 -6 -1
-8 37 6 2
-8 42 -6 0
-8 42 -5 -1
-8 42 5 2
-8 42 6 1
-8 44 -5 -2
-8 44 -2 -4
-8 44 2 5
-8 44 5 3
-8 46 -4 -2
-8 46 4 3
-8 47 -3 -3
-8 47 3 4
-8 48 -4 -1
-8 48 -3 -2
-8 48 -2 -3
-8 48 2 4
-8 48 3 3
-8 48 4 2
-7 -52 -3 1
-7 -52 3 -2
-7 -48 -3 2
-7 -48 3 -3
-7 -47 -5 0
-7 -47 -4 1
-7 -47 -4 2
-7 -47 4 -3
-7 -47 4 -2
-7 -47 5 -1
-7 -42 -5 1
-7 -42 5 -2
-7 -41 -6 0
-7 -41 6 -1
-7 -38 -6 1
-7 -38 6 -2
-7 -34 -7 0
-7 -34 7 -1
-7 -33 -7 1
-7 -33 7 -2
-7 -27 -8 1
-7 -27 8 -2
-7 -26 -8 0
-7 -26 8 -1
-7 26 -8 0
-7 26 8 1
-7 27 -8 -1
-7 27 8 2
-7 33 -7 -1
-7 33 7 2
-7 34 -7 0
-7 34 7 1
-7 38 -6 -1
-7 38 6 2
-7 41 -6 0
-7 41 6 1
-7 42 -5 -1
-7 42 5 2
-7 47 -5 0
-7 47 -4 -2
-7 47 -4 -1
-7 47 4 2
-7 47 4 3
-7 47 5 1
-7 48 -3 -2
-7 48 3 3
-7 52 -3 -1
-7 52 3 2
-6 -51 -3 1
-6 -51 -2 2
-6 -51 2 -3
-6 -51 3 -2
-6 -49 -3 2
-6 -49 3 -3
-6 -48 -2 3
-6 -48 2 -4
-6 -46 -5 0
-6 -46 5 -1
-6 -43 -5 1
-6 -43 5 -2
-6 -40 -6 0
-6 -40 6 -1
-6 -39 -6 1
-6 -39 6 -2
-6 -34 -7 1
-6 -34 7 -2
-6 -33 -7 0
-6 -33 7 -1
-6 33 -7 0
-6 33 7 1
-6 34 -7 -1
-6 34 7 2
-6 39 -6 -1
-6 39 6 2
-6 40 -6 0
-6 40 6 1
-6 43 -5 -1
-6 43 5 2
-6 46 -5 0
-6 46 5 1
-6 48 -2 -3
-6 48 2 4
-6 49 -3 -2
-6 49 3 3
-6 51 -3 -1
-6 51 -2 -2
-6 51 2 3
-6 51 3 2
-5 -50 -4 0
-5 -50 -3 1
-5 -50 -3 2
-5 -50 3 -3
-5 -50 3 -2
-5 -50 4 -1
-5 -47 -4 1
-5 -47 4 -2
-5 -45 -5 0
-5 -45 5 -1
-5 -44 -5 1
-5 -44 5 -2
-5 -40 -6 1
-5 -40 6 -2
-5 -39 -6 0
-5 -39 6 -1
-5 39 -6 0
-5 39 6 1
-5 40 -6 -1
-5 40 6 2
-5 44 -5 -1
-5 44 5 2
-5 45 -5 0
-5 45 5 1
-5 47 -4 -1
-5 47 4 2
-5 50 -4 0
-5 50 -3 -2
-5 50 -3 -1
-5 50 3 2
-5 50 3 3
-5 50 4 1
-4 -53 -3 0
-4 -53 -2 1
-4 -53 2 -2
-4 -53 3 -1
-4 -51 -2 2
-4 -51 2 -3
-4 -50 -3 1
-4 -50 3 -2
-4 -49 -4 0
-4 -49 4 -1
-4 -48 -4 1
-4 -48 4 -2
-4 -45 -5 1
-4 -45 5 -2
-4 -44 -5 0
-4 -44 5 -1
-4 -41 -6 1
-4 -41 6 -2
-4 -38 -6 0
-4 -38 6 -1
-4 38 -6 0
-4 38 6 1
-4 41 -6 -1
-4 41 6 2
-4 44 -5 0
-4 44 5 1
-4 45 -5 -1
-4 45 5 2
-4 48 -4 -1
-4 48 4 2
-4 49 -4 0
-4 49 4 1
-4 50 -3 -1
-4 50 3 2
-4 51 -2 -2
-4 51 2 3
-4 53 -3 0
-4 53 -2 -1
-4 53 2 2
-4 53 3 1
-3 -52 -3 0
-3 -52 3 -1
-3 -51 -3 1
-3 -51 3 -2
-3 -49 -4 1
-3 -49 4 -2
-3 -48 -4 0
-3 -48 4 -1
-3 -46 -5 1
-3 -46 5 -2
-3 -43 -5 0
-3 -43 5 -1
-3 43 -5 0
-3 43 5 1
-3 46 -5 -1
-3 46 5 2
-3 48 -4 0
-3 48 4 1
-3 49 -4 -1
-3 49 4 2
-3 51 -3 -1
-3 51 3 2
-3 52 -3 0
-3 52 3 1
-2 -54 -2 0
-2 -54 2 -1
-2 -53 -2 1
-2 -53 2 -2
-2 -52 -3 1
-2 -52 3 -2
-2 -51 -3 0
-2 -51 3 -1
-2 -47 -5 -1
-2 -47 5 0
-2 -43 -5 0
-2 -43 5 -1
-2 -42 -6 -1
-2 -42 6 0
-2 -38 -6 0
-2 -38 6 -1
-2 38 -6 0
-2 38 6 1
-2 42 -6 1
-2 42 6 0
-2 43 -5 0
-2 43 5 1
-2 47 -5 1
-2 47 5 0
-2 51 -3 0
-2 51 3 1
-2 52 -3 -1
-2 52 3 2
-2 53 -2 -1
-2 53 2 2
-2 54 -2 0
-2 54 2 1
-1 -53 -3 -1
-1 -53 3 0
-1 -51 -3 0
-1 -51 3 -1
-1 -50 -4 -1
-1 -50 4 0
-1 -48 -4 0
-1 -48 4 -1
-1 -46 -5 -1
-1 -46 5 0
-1 -44 -5 0
-1 -44 5 -1
-1 -41 -6 -1
-1 -41 6 0
-1 -39 -6 0
-1 -39 6 -1
-1 -35 -7 -1
-1 -35 7 0
-1 -33 -7 0
-1 -33 7 -1
-1 -28 -8 -1
-1 -28 8 0
-1 -26 -8 0
-1 -26 8 -1
-1 26 -8 0
-1 26 8 1
-1 28 -8 1
-1 28 8 0
-1 33 -7 0
-1 33 7 1
-1 35 -7 1
-1 35 7 0
-1 39 -6 0
-1 39 6 1
-1 41 -6 1
-1 41 6 0
-1 44 -5 0
-1 44 5 1
-1 46 -5 1
-1 46 5 0
-1 48 -4 0
-1 48 4 1
-1 50 -4 1
-1 50 4 0
-1 51 -3 0
-1 51 3 1
-1 53 -3 1
-1 53 3 0
0 -54 -2 -1
0 -54 -2 0
0 -54 2 -1
0 -54 2 0
0 -52 -3 -1
0 -52 -3 0
0 -52 3 -1
0 -52 3 0
0 -49 -4 -1
0 -49 -4 0
0 -49 4 -1
0 -49 4 0
0 -45 -5 -1
0 -45 -5 0
0 -45 5 -1
0 -45 5 0
0 -40 -6 -1
0 -40 -6 0
0 -40 6 -1
0 -40 6 0
0 -34 -7 -1
0 -34 -7 0
0 -34 7 -1
0 -34 7 0
0 -27 -8 -1
0 -27 -8 0
0 -27 8 -1
0 -27 8 0
0 -19 -9 -1
0 -19 -9 0
0 -19 9 -1
0 -19 9 0
0 19 -9 0
0 19 -9 1
0 19 9 0
0 19 9 1
0 27 -8 0
0 27 -8 1
0 27 8 0
0 27 8 1
0 34 -7 0
0 34 -7 1
0 34 7 0
0 34 7 1
0 40 -6 0
0 40 -6 1
0 40 6 0
0 40 6 1
0 45 -5 0
0 45 -5 1
0 45 5 0
0 45 5 1
0 49 -4 0
0 49 -4 1
0 49 4 0
0 49 4 1
0 52 -3 0
0 52 -3 1
0 52 3 0
0 52 3 1
0 54 -2 0
0 54 -2 1
0 54 2 0
0 54 2 1
1 -53 -3 0
1 -53 3 -1
1 -51 -3 -1
1 -51 3 0
1 -50 -4 0
1 -50 4 -1
1 -48 -4 -1
1 -48 4 0
1 -46 -5 0
1 -46 5 -1
1 -44 -5 -1
1 -44 5 0
1 -41 -6 0
1 -41 6 -1
1 -39 -6 -1
1 -39 6 0
1 -35 -7 0
1 -35 7 -1
1 -33 -7 -1
1 -33 7 0
1 -28 -8 0
1 -28 8 -1
1 -26 -8 -1
1 -26 8 0
1 26 -8 1
1 26 8 0
1 28 -8 0
1 28 8 1
1 33 -7 1
1 33 7 0
1 35 -7 0
1 35 7 1
1 39 -6 1
1 39 6 0
1 41 -6 0
1 41 6 1
1 44 -5 1
1 44 5 0
1 46 -5 0
1 46 5 1
1 48 -4 1
1 48 4 0
1 50 -4 0
1 50 4 1
1 51 -3 1
1 51 3 0
1 53 -3 0
1 53 3 1
2 -54 -2 -1
2 -54 2 0
2 -53 -2 -2
2 -53 2 1
2 -52 -3 -2
2 -52 3 1
2 -51 -3 -1
2 -51 3 0
2 -47 -5 0
2 -47 5 -1
2 -43 -5 -1
2 -43 5 0
2 -42 -6 0
2 -42 6 -1
2 -38 -6 -1
2 -38 6 0
2 38 -6 1
2 38 6 0
2 42 -6 0
2 42 6 1
2 43 -5 1
2 43 5 0
2 47 -5 0
2 47 5 1
2 51 -3 1
2 51 3 0
2 52 -3 2
2 52 3 -1
2 53 -2 2
2 53 2 -1
2 54 -2 1
2 54 2 0
3 -52 -3 -1
3 -52 3 0
3 -51 -3 -2
3 -51 3 1
3 -49 -4 -2
3 -49 4 1
3 -48 -4 -1
3 -48 4 0
3 -46 -5 -2
3 -46 5 1
3 -43 -5 -1
3 -43 5 0
3 43 -5 1
3 43 5 0
3 46 -5 2
3 46 5 -1
3 48 -4 1
3 48 4 0
3 49 -4 2
3 49 4 -1
3 51 -3 2
3 51 3 -1
3 52 -3 1
3 52 3 0
4 -53 -3 -1
4 -53 -2 -2
4 -53 2 1
4 -53 3 0
4 -51 -2 -3
4 -51 2 2
4 -50 -3 -2
4 -50 3 1
4 -49 -4 -1
4 -49 4 0
4 -48 -4 -2
4 -48 4 1
4 -45 -5 -2
4 -45 5 1
4 -44 -5 -1
4 -44 5 0
4 -41 -6 -2
4 -41 6 1
4 -38 -6 -1
4 -38 6 0
4 38 -6 1
4 38 6 0
4 41 -6 2
4 41 6 -1
4 44 -5 1
4 44 5 0
4 45 -5 2
4 45 5 -1
4 48 -4 2
4 48 4 -1
4 49 -4 1
4 49 4 0
4 50 -3 2
4 50 3 -1
4 51 -2 3
4 51 2 -2
4 53 -3 1
4 53 -2 2
4 53 2 -1
4 53 3 0
5 -50 -4 -1
5 -50 -3 -3
5 -50 -3 -2
5 -50 3 1
5 -50 3 2
5 -50 4 0
5 -47 -4 -2
5 -47 4 1
5 -45 -5 -1
5 -45 5 0
5 -44 -5 -2
5 -44 5 1
5 -40 -6 -2
5 -40 6 1
5 -39 -6 -1
5 -39 6 0
5 39 -6 1
5 39 6 0
5 40 -6 2
5 40 6 -1
5 44 -5 2
5 44 5 -1
5 45 -5 1
5 45 5 0
5 47 -4 2
5 47 4 -1
5 50 -4 1
5 50 -3 2
5 50 -3 3
5 50 3 -2
5 50 3 -1
5 50 4 0
6 -51 -3 -2
6 -51 -2 -3
6 -51 2 2
6 -51 3 1
6 -49 -3 -3
6 -49 3 2
6 -48 -2 -4
6 -48 2 3
6 -46 -5 -1
6 -46 5 0
6 -43 -5 -2
6 -43 5 1
6 -40 -6 -1
6 -40 6 0
6 -39 -6 -2
6 -39 6 1
6 -34 -7 -2
6 -34 7 1
6 -33 -7 -1
6 -33 7 0
6 33 -7 1
6 33 7 0
6 34 -7 2
6 34 7 -1
6 39 -6 2
6 39 6 -1
6 40 -6 1
6 40 6 0
6 43 -5 2
6 43 5 -1
6 46 -5 1
6 46 5 0
6 48 -2 4
6 48 2 -3
6 49 -3 3
6 49 3 -2
6 51 -3 2
6 51 -2 3
6 51 2 -2
6 51 3 -1
7 -52 -3 -2
7 -52 3 1
7 -48 -3 -3
7 -48 3 2
7 -47 -5 -1
7 -47 -4 -3
7 -47 -4 -2
7 -47 4 1
7 -47 4 2
7 -47 5 0
7 -42 -5 -2
7 -42 5 1
7 -41 -6 -1
7 -41 6 0
7 -38 -6 -2
7 -38 6 1
7 -34 -7 -1
7 -34 7 0
7 -33 -7 -2
7 -33 7 1
7 -27 -8 -2
7 -27 8 1
7 -26 -8 -1
7 -26 8 0
7 26 -8 1
7 26 8 0
7 27 -8 2
7 27 8 -1
7 33 -7 2
7 33 7 -1
7 34 -7 1
7 34 7 0
7 38 -6 2
7 38 6 -1
7 41 -6 1
7 41 6 0
7 42 -5 2
7 42 5 -1
7 47 -5 1
7 47 -4 2
7 47 -4 3
7 47 4 -2
7 47 4 -1
7 47 5 0
7 48 -3 3
7 48 3 -2
7 52 -3 2
7 52 3 -1
8 -48 -4 -2
8 -48 -3 -3
8 -48 -2 -4
8 -48 2 3
8 -48 3 2
8 -48 4 1
8 -47 -3 -4
8 -47 3 3
8 -46 -4 -3
8 -46 4 2
8 -44 -5 -3
8 -44 -2 -5
8 -44 2 4
8 -44 5 2
8 -42 -6 -1
8 -42 -5 -2
8 -42 5 1
8 -42 6 0
8 -37 -6 -2
8 -37 6 1
8 -35 -7 -1
8 -35 7 0
8 -32 -7 -2
8 -32 7 1
8 -27 -8 -1
8 -27 8 0
8 -26 -8 -2
8 -26 8 1
8 26 -8 2
8 26 8 -1
8 27 -8 1
8 27 8 0
8 32 -7 2
8 32 7 -1
8 35 -7 1
8 35 7 0
8 37 -6 2
8 37 6 -1
8 42 -6 1
8 42 -5 2
8 42 5 -1
8 42 6 0
8 44 -5 3
8 44 -2 5
8 44 2 -4
8 44 5 -2
8 46 -4 3
8 46 4 -2
8 47 -3 4
8 47 3 -3
8 48 -4 2
8 48 -3 3
8 48 -2 4
8 48 2 -3
8 48 3 -2
8 48 4 -1
9 -49 -4 -2
9 -49 -3 -3
9 -49 3 2
9 -49 4 1
9 -46 -3 -4
9 -46 3 3
9 -45 -4 -3
9 -45 4 2
9 -43 -5 -3
9 -43 -5 -2
9 -43 5 1
9 -43 5 2
9 -28 -8 -1
9 -28 8 0
9 -25 -8 -2
9 -25 8 1
9 -19 -9 -1
9 -19 9 0
9 -18 -9 -2
9 -18 9 1
9 18 -9 2
9 18 9 -1
9 19 -9 1
9 19 9 0
9 25 -8 2
9 25 8 -1
9 28 -8 1
9 28 8 0
9 43 -5 2
9 43 -5 3
9 43 5 -2
9 43 5 -1
9 45 -4 3
9 45 4 -2
9 46 -3 4
9 46 3 -3
9 49 -4 2
9 49 -3 3
9 49 3 -2
9 49 4 -1
10 -50 -3 -3
10 -50 3 2
10 -45 -3 -4
10 -45 3 3
10 -44 -5 -2
10 -44 -2 -5
10 -44 2 4
10 -44 5 1
10 -42 -5 -3
10 -42 5 2
10 -39 -6 -3
10 -39 -2 -6
10 -39 2 5
10 -39 6 2
10 -37 -6 -2
10 -37 6 1
10 37 -6 2
10 37 6 -1
10 39 -6 3
10 39 -2 6
10 39 2 -5
10 39 6 -2
10 42 -5 3
10 42 5 -2
10 44 -5 2
10 44 -2 5
10 44 2 -4
10 44 5 -1
10 45 -3 4
10 45 3 -3
10 50 -3 3
10 50 3 -2
11 -45 -5 -2
11 -45 -4 -3
11 -45 -3 -4
11 -45 3 3
11 -45 4 2
11 -45 5 1
11 -44 -4 -4
11 -44 4 3
11 -43 -3 -5
11 -43 3 4
11 -41 -5 -3
11 -41 5 2
11 -38 -6 -3
11 -38 -6 -2
11 -38 6 1
11 -38 6 2
11 38 -6 2
11 38 -6 3
11 38 6 -2
11 38 6 -1
11 41 -5 3
11 41 5 -2
11 43 -3 5
11 43 3 -4
11 44 -4 4
11 44 4 -3
11 45 -5 2
11 45 -4 3
11 45 -3 4
11 45 3 -3
11 45 4 -2
11 45 5 -1
12 -46 -5 -2
12 -46 -4 -3
12 -46 -3 -4
12 -46 3 3
12 -46 4 2
12 -46 5 1
12 -43 -4 -4
12 -43 4 3
12 -42 -3 -5
12 -42 3 4
12 -40 -5 -3
12 -40 5 2
12 -39 -6 -2
12 -39 -2 -6
12 -39 2 5
12 -39 6 1
12 -37 -6 -3
12 -37 6 2
12 -33 -2 -7
12 -33 2 6
12 33 -2 7
12 33 2 -6
12 37 -6 3
12 37 6 -2
12 39 -6 2
12 39 -2 6
12 39 2 -5
12 39 6 -1
12 40 -5 3
12 40 5 -2
12 42 -3 5
12 42 3 -4
12 43 -4 4
12 43 4 -3
12 46 -5 2
12 46 -4 3
12 46 -3 4
12 46 3 -3
12 46 4 -2
12 46 5 -1
13 -47 -4 -3
13 -47 -3 -4
13 -47 3 3
13 -47 4 2
13 -42 -4 -4
13 -42 4 3
13 -41 -5 -4
13 -41 -3 -5
13 -41 3 4
13 -41 5 3
13 -40 -6 -2
13 -40 -5 -3
13 -40 5 2
13 -40 6 1
13 -36 -6 -3
13 -36 6 2
13 -32 -7 -3
13 -32 -7 -2
13 -32 7 1
13 -32 7 2
13 32 -7 2
13 32 -7 3
13 32 7 -2
13 32 7 -1
13 36 -6 3
13 36 6 -2
13 40 -6 2
13 40 -5 3
13 40 5 -2
13 40 6 -1
13 41 -5 4
13 41 -3 5
13 41 3 -4
13 41 5 -3
13 42 -4 4
13 42 4 -3
13 47 -4 3
13 47 -3 4
13 47 3 -3
13 47 4 -2
14 -41 -6 -2
14 -41 -5 -3
14 -41 -3 -5
14 -41 3 4
14 -41 5 2
14 -41 6 1
14 -40 -5 -4
14 -40 5 3
14 -38 -3 -6
14 -38 3 5
14 -35 -6 -3
14 -35 6 2
14 -33 -7 -2
14 -33 -2 -7
14 -33 2 6
14 -33 7 1
14 -31 -7 -3
14 -31 7 2
14 -26 -2 -8
14 -26 2 7
14 26 -2 8
14 26 2 -7
14 31 -7 3
14 31 7 -2
14 33 -7 2
14 33 -2 7
14 33 2 -6
14 33 7 -1
14 35 -6 3
14 35 6 -2
14 38 -3 6
14 38 3 -5
14 40 -5 4
14 40 5 -3
14 41 -6 2
14 41 -5 3
14 41 -3 5
14 41 3 -4
14 41 5 -2
14 41 6 -1
15 -42 -5 -3
15 -42 -4 -4
15 -42 -3 -5
15 -42 3 4
15 -42 4 3
15 -42 5 2
15 -40 -4 -5
15 -40 4 4
15 -39 -5 -4
15 -39 5 3
15 -37 -3 -6
15 -37 3 5
15 -34 -7 -2
15 -34 7 1
15 -30 -7 -3
15 -30 7 2
15 -25 -8 -3
15 -25 -8 -2
15 -25 8 1
15 -25 8 2
15 25 -8 2
15 25 -8 3
15 25 8 -2
15 25 8 -1
15 30 -7 3
15 30 7 -2
15 34 -7 2
15 34 7 -1
15 37 -3 6
15 37 3 -5
15 39 -5 4
15 39 5 -3
15 40 -4 5
15 40 4 -4
15 42 -5 3
15 42 -4 4
15 42 -3 5
15 42 3 -4
15 42 4 -3
15 42 5 -2
16 -43 -5 -3
16 -43 -4 -4
16 -43 -3 -5
16 -43 3 4
16 -43 4 3
16 -43 5 2
16 -39 -4 -5
16 -39 4 4
16 -38 -5 -4
16 -38 5 3
16 -36 -6 -4
16 -36 -3 -6
16 -36 3 5
16 -36 6 3
16 -35 -6 -3
16 -35 6 2
16 -26 -8 -2
16 -26 -2 -8
16 -26 2 7
16 -26 8 1
16 -24 -8 -3
16 -24 8 2
16 -18 -2 -9
16 -18 2 8
16 18 -2 9
16 18 2 -8
16 24 -8 3
16 24 8 -2
16 26 -8 2
16 26 -2 8
16 26 2 -7
16 26 8 -1
16 35 -6 3
16 35 6 -2
16 36 -6 4
16 36 -3 6
16 36 3 -5
16 36 6 -3
16 38 -5 4
16 38 5 -3
16 39 -4 5
16 39 4 -4
16 43 -5 3
16 43 -4 4
16 43 -3 5
16 43 3 -4
16 43 4 -3
16 43 5 -2
17 -44 -5 -3
17 -44 -4 -4
17 -44 4 3
17 -44 5 2
17 -38 -4 -5
17 -38 4 4
17 -37 -5 -4
17 -37 5 3
17 -36 -6 -3
17 -36 -3 -6
17 -36 3 5
17 -36 6 2
17 -35 -6 -4
17 -35 6 3
17 -32 -3 -7
17 -32 3 6
17 -27 -8 -2
17 -27 8 1
17 -23 -8 -3
17 -23 8 2
17 23 -8 3
17 23 8 -2
17 27 -8 2
17 27 8 -1
17 32 -3 7
17 32 3 -6
17 35 -6 4
17 35 6 -3
17 36 -6 3
17 36 -3 6
17 36 3 -5
17 36 6 -2
17 37 -5 4
17 37 5 -3
17 38 -4 5
17 38 4 -4
17 44 -5 3
17 44 -4 4
17 44 4 -3
17 44 5 -2
18 -37 -6 -3
18 -37 -5 -5
18 -37 -5 -4
18 -37 -3 -6
18 -37 3 5
18 -37 5 3
18 -37 5 4
18 -37 6 2
18 -34 -6 -4
18 -34 6 3
18 -31 -3 -7
18 -31 3 6
18 -18 -8 -2
18 -18 -1 -9
18 -18 2 8
18 -18 9 1
18 -16 -8 -2
18 -16 9 2
18 -9 -1 -9
18 -9 2 9
18 9 -1 9
18 9 2 -9
18 16 -8 2
18 16 9 -2
18 18 -8 2
18 18 -1 9
18 18 2 -8
18 18 9 -1
18 31 -3 7
18 31 3 -6
18 34 -6 4
18 34 6 -3
18 37 -6 3
18 37 -5 4
18 37 -5 5
18 37 -3 6
18 37 3 -5
18 37 5 -4
18 37 5 -3
18 37 6 -2
19 -38 -6 -3
19 -38 -5 -4
19 -38 -4 -5
19 -38 -3 -6
19 -38 3 5
19 -38 4 4
19 -38 5 3
19 -38 6 2
19 -36 -5 -5
19 -36 5 4
19 -35 -4 -6
19 -35 4 5
19 -33 -6 -4
19 -33 6 3
19 -30 -3 -7
19 -30 3 6
19 -9 0 -9
19 -9 1 9
19 0 0 -9
19 0 0 9
19 0 1 -9
19 0 1 9
19 9 0 9
19 9 1 -9
19 30 -3 7
19 30 3 -6
19 33 -6 4
19 33 6 -3
19 35 -4 6
19 35 4 -5
19 36 -5 5
19 36 5 -4
19 38 -6 3
19 38 -5 4
19 38 -4 5
19 38 -3 6
19 38 3 -5
19 38 4 -4
19 38 5 -3
19 38 6 -2
20 -39 -6 -3
20 -39 -5 -4
20 -39 -4 -5
20 -39 4 4
20 -39 5 3
20 -39 6 2
20 -35 -5 -5
20 -35 5 4
20 -34 -4 -6
20 -34 4 5
20 -32 -6 -4
20 -32 6 3
20 -30 -7 -3
20 -30 -3 -7
20 -30 3 6
20 -30 7 2
20 -29 -7 -4
20 -29 7 3
20 -25 -3 -8
20 -25 3 7
20 25 -3 8
20 25 3 -7
20 29 -7 4
20 29 7 -3
20 30 -7 3
20 30 -3 7
20 30 3 -6
20 30 7 -2
20 32 -6 4
20 32 6 -3
20 34 -4 6
20 34 4 -5
20 35 -5 5
20 35 5 -4
20 39 -6 3
20 39 -5 4
20 39 -4 5
20 39 4 -4
20 39 5 -3
20 39 6 -2
21 -40 -5 -4
21 -40 -4 -5
21 -40 4 4
21 -40 5 3
21 -34 -5 -5
21 -34 5 4
21 -33 -4 -6
21 -33 4 5
21 -31 -7 -3
21 -31 -3 -7
21 -31 3 6
21 -31 7 2
21 -28 -7 -4
21 -28 7 3
21 -24 -3 -8
21 -24 3 7
21 24 -3 8
21 24 3 -7
21 28 -7 4
21 28 7 -3
21 31 -7 3
21 31 -3 7
21 31 3 -6
21 31 7 -2
21 33 -4 6
21 33 4 -5
21 34 -5 5
21 34 5 -4
21 40 -5 4
21 40 -4 5
21 40 4 -4
21 40 5 -3
22 -41 -5 -4
22 -41 5 3
22 -33 -5 -5
22 -33 5 4
22 -32 -7 -3
22 -32 -6 -5
22 -32 -6 -4
22 -32 -3 -7
22 -32 3 6
22 -32 6 3
22 -32 6 4
22 -32 7 2
22 -27 -7 -4
22 -27 7 3
22 -23 -3 -8
22 -23 3 7
22 23 -3 8
22 23 3 -7
22 27 -7 4
22 27 7 -3
22 32 -7 3
22 32 -6 4
22 32 -6 5
22 32 -3 7
22 32 3 -6
22 32 6 -4
22 32 6 -3
22 32 7 -2
22 33 -5 5
22 33 5 -4
22 41 -5 4
22 41 5 -3
23 -33 -6 -4
23 -33 -5 -5
23 -33 -4 -6
23 -33 4 5
23 -33 5 4
23 -33 6 3
23 -32 -5 -6
23 -32 5 5
23 -31 -6 -5
23 -31 6 4
23 -29 -4 -7
23 -29 4 6
23 -23 -7 -3
23 -23 -2 -8
23 -23 3 7
23 -23 8 2
23 -22 -7 -3
23 -22 8 3
23 -17 -2 -8
23 -17 3 8
23 17 -2 8
23 17 3 -8
23 22 -7 3
23 22 8 -3
23 23 -7 3
23 23 -2 8
23 23 3 -7
23 23 8 -2
23 29 -4 7
23 29 4 -6
23 31 -6 5
23 31 6 -4
23 32 -5 6
23 32 5 -5
23 33 -6 4
23 33 -5 5
23 33 -4 6
23 33 4 -5
23 33 5 -4
23 33 6 -3
24 -34 -6 -4
24 -34 -5 -5
24 -34 -4 -6
24 -34 4 5
24 -34 5 4
24 -34 6 3
24 -31 -5 -6
24 -31 5 5
24 -30 -6 -5
24 -30 6 4
24 -28 -4 -7
24 -28 4 6
24 -24 -7 -3
24 -24 -2 -8
24 -24 3 7
24 -24 8 2
24 -21 -7 -3
24 -21 8 3
24 -16 -2 -8
24 -16 3 8
24 16 -2 8
24 16 3 -8
24 21 -7 3
24 21 8 -3
24 24 -7 3
24 24 -2 8
24 24 3 -7
24 24 8 -2
24 28 -4 7
24 28 4 -6
24 30 -6 5
24 30 6 -4
24 31 -5 6
24 31 5 -5
24 34 -6 4
24 34 -5 5
24 34 -4 6
24 34 4 -5
24 34 5 -4
24 34 6 -3
25 -35 -6 -4
25 -35 -5 -5
25 -35 -4 -6
25 -35 4 5
25 -35 5 4
25 -35 6 3
25 -30 -5 -6
25 -30 5 5
25 -29 -6 -5
25 -29 6 4
25 -27 -4 -7
25 -27 4 6
25 -25 -7 -3
25 -25 -2 -8
25 -25 3 7
25 -25 8 2
25 -20 -7 -3
25 -20 8 3
25 -15 -2 -8
25 -15 -1 -8
25 -15 2 8
25 -15 3 8
25 -9 -1 -8
25 -9 2 8
25 9 -1 8
25 9 2 -8
25 15 -2 8
25 15 -1 8
25 15 2 -8
25 15 3 -8
25 20 -7 3
25 20 8 -3
25 25 -7 3
25 25 -2 8
25 25 3 -7
25 25 8 -2
25 27 -4 7
25 27 4 -6
25 29 -6 5
25 29 6 -4
25 30 -5 6
25 30 5 -5
25 35 -6 4
25 35 -5 5
25 35 -4 6
25 35 4 -5
25 35 5 -4
25 35 6 -3
26 -36 -6 -4
26 -36 -5 -5
26 -36 5 4
26 -36 6 3
26 -29 -5 -6
26 -29 5 5
26 -28 -6 -5
26 -28 6 4
26 -16 -7 -2
26 -16 -1 -8
26 -16 2 8
26 -16 8 2
26 -14 -7 -2
26 -14 8 2
26 -8 -1 -8
26 -8 2 8
26 -7 0 -8
26 -7 1 8
26 -1 0 -8
26 -1 1 8
26 1 0 8
26 1 1 -8
26 7 0 8
26 7 1 -8
26 8 -1 8
26 8 2 -8
26 14 -7 2
26 14 8 -2
26 16 -7 2
26 16 -1 8
26 16 2 -8
26 16 8 -2
26 28 -6 5
26 28 6 -4
26 29 -5 6
26 29 5 -5
26 36 -6 4
26 36 -5 5
26 36 5 -4
26 36 6 -3
27 -37 -5 -5
27 -37 5 4
27 -28 -5 -6
27 -28 5 5
27 -27 -6 -4
27 -27 -3 -7
27 -27 4 6
27 -27 7 3
27 -25 -6 -4
27 -25 7 4
27 -22 -3 -7
27 -22 4 7
27 -17 -1 -8
27 -17 2 8
27 -8 0 -8
27 -8 1 8
27 -7 -1 -8
27 -7 2 8
27 0 0 -8
27 0 0 8
27 0 1 -8
27 0 1 8
27 7 -1 8
27 7 2 -8
27 8 0 8
27 8 1 -8
27 17 -1 8
27 17 2 -8
27 22 -3 7
27 22 4 -7
27 25 -6 4
27 25 7 -4
27 27 -6 4
27 27 -3 7
27 27 4 -6
27 27 7 -3
27 28 -5 6
27 28 5 -5
27 37 -5 5
27 37 5 -4
28 -28 -6 -4
28 -28 -5 -5
28 -28 -4 -6
28 -28 -3 -7
28 -28 4 6
28 -28 5 5
28 -28 6 4
28 -28 7 3
28 -27 -5 -5
28 -27 6 5
28 -26 -4 -6
28 -26 5 6
28 -24 -6 -4
28 -24 7 4
28 -21 -3 -7
28 -21 4 7
28 -9 0 -8
28 -9 1 8
28 -1 0 8
28 -1 1 -8
28 1 0 -8
28 1 1 8
28 9 0 8
28 9 1 -8
28 21 -3 7
28 21 4 -7
28 24 -6 4
28 24 7 -4
28 26 -4 6
28 26 5 -6
28 27 -5 5
28 27 6 -5
28 28 -6 4
28 28 -5 5
28 28 -4 6
28 28 -3 7
28 28 4 -6
28 28 5 -5
28 28 6 -4
28 28 7 -3
29 -29 -6 -4
29 -29 -5 -5
29 -29 -4 -6
29 -29 -3 -7
29 -29 4 6
29 -29 5 5
29 -29 6 4
29 -29 7 3
29 -26 -5 -5
29 -26 6 5
29 -25 -4 -6
29 -25 5 6
29 -23 -6 -4
29 -23 7 4
29 -20 -3 -7
29 -20 4 7
29 20 -3 7
29 20 4 -7
29 23 -6 4
29 23 7 -4
29 25 -4 6
29 25 5 -6
29 26 -5 5
29 26 6 -5
29 29 -6 4
29 29 -5 5
29 29 -4 6
29 29 -3 7
29 29 4 -6
29 29 5 -5
29 29 6 -4
29 29 7 -3
30 -30 -5 -5
30 -30 -4 -6
30 -30 5 5
30 -30 6 4
30 -25 -5 -5
30 -25 6 5
30 -24 -4 -6
30 -24 5 6
30 -20 -6 -3
30 -20 -2 -7
30 -20 3 7
30 -20 7 3
30 -19 -6 -3
30 -19 7 3
30 -15 -2 -7
30 -15 3 7
30 15 -2 7
30 15 3 -7
30 19 -6 3
30 19 7 -3
30 20 -6 3
30 20 -2 7
30 20 3 -7
30 20 7 -3
30 24 -4 6
30 24 5 -6
30 25 -5 5
30 25 6 -5
30 30 -5 5
30 30 -4 6
30 30 5 -5
30 30 6 -4
31 -31 -5 -5
31 -31 -4 -6
31 -31 5 5
31 -31 6 4
31 -24 -5 -5
31 -24 6 5
31 -23 -4 -6
31 -23 5 6
31 -21 -6 -3
31 -21 -2 -7
31 -21 3 7
31 -21 7 3
31 -18 -6 -3
31 -18 7 3
31 -14 -2 -7
31 -14 3 7
31 14 -2 7
31 14 3 -7
31 18 -6 3
31 18 7 -3
31 21 -6 3
31 21 -2 7
31 21 3 -7
31 21 7 -3
31 23 -4 6
31 23 5 -6
31 24 -5 5
31 24 6 -5
31 31 -5 5
31 31 -4 6
31 31 5 -5
31 31 6 -4
32 -32 -5 -5
32 -32 -4 -6
32 -32 5 5
32 -32 6 4
32 -23 -5 -5
32 -23 6 5
32 -22 -6 -3
32 -22 -4 -6
32 -22 -3 -6
32 -22 -2 -7
32 -22 3 7
32 -22 4 6
32 -22 5 6
32 -22 7 3
32 -20 -3 -6
32 -20 4 6
32 -17 -6 -3
32 -17 7 3
32 -13 -2 -7
32 -13 -1 -7
32 -13 2 7
32 -13 3 7
32 -8 -1 -7
32 -8 2 7
32 8 -1 7
32 8 2 -7
32 13 -2 7
32 13 -1 7
32 13 2 -7
32 13 3 -7
32 17 -6 3
32 17 7 -3
32 20 -3 6
32 20 4 -6
32 22 -6 3
32 22 -4 6
32 22 -3 6
32 22 -2 7
32 22 3 -7
32 22 4 -6
32 22 5 -6
32 22 7 -3
32 23 -5 5
32 23 6 -5
32 32 -5 5
32 32 -4 6
32 32 5 -5
32 32 6 -4
33 -23 -5 -4
33 -23 -4 -5
33 -23 -3 -6
33 -23 4 6
33 -23 5 5
33 -23 6 4
33 -22 -4 -5
33 -22 5 5
33 -21 -5 -4
33 -21 6 4
33 -19 -3 -6
33 -19 4 6
33 -14 -6 -2
33 -14 -1 -7
33 -14 2 7
33 -14 7 2
33 -12 -6 -2
33 -12 7 2
33 -7 -1 -7
33 -7 2 7
33 -6 0 -7
33 -6 1 7
33 -1 0 -7
33 -1 1 7
33 1 0 7
33 1 1 -7
33 6 0 7
33 6 1 -7
33 7 -1 7
33 7 2 -7
33 12 -6 2
33 12 7 -2
33 14 -6 2
33 14 -1 7
33 14 2 -7
33 14 7 -2
33 19 -3 6
33 19 4 -6
33 21 -5 4
33 21 6 -4
33 22 -4 5
33 22 5 -5
33 23 -5 4
33 23 -4 5
33 23 -3 6
33 23 4 -6
33 23 5 -5
33 23 6 -4
34 -24 -5 -4
34 -24 -4 -5
34 -24 -3 -6
34 -24 4 6
34 -24 5 5
34 -24 6 4
34 -21 -4 -5
34 -21 5 5
34 -20 -5 -4
34 -20 6 4
34 -18 -3 -6
34 -18 4 6
34 -15 -1 -7
34 -15 2 7
34 -7 0 -7
34 -7 1 7
34 -6 -1 -7
34 -6 2 7
34 0 0 -7
34 0 0 7
34 0 1 -7
34 0 1 7
34 6 -1 7
34 6 2 -7
34 7 0 7
34 7 1 -7
34 15 -1 7
34 15 2 -7
34 18 -3 6
34 18 4 -6
34 20 -5 4
34 20 6 -4
34 21 -4 5
34 21 5 -5
34 24 -5 4
34 24 -4 5
34 24 -3 6
34 24 4 -6
34 24 5 -5
34 24 6 -4
35 -25 -5 -4
35 -25 -4 -5
35 -25 -3 -6
35 -25 4 6
35 -25 5 5
35 -25 6 4
35 -20 -4 -5
35 -20 5 5
35 -19 -5 -4
35 -19 6 4
35 -17 -3 -6
35 -17 4 6
35 -16 -2 -6
35 -16 3 6
35 -14 -2 -6
35 -14 3 6
35 -8 0 -7
35 -8 1 7
35 -1 0 7
35 -1 1 -7
35 1 0 -7
35 1 1 7
35 8 0 7
35 8 1 -7
35 14 -2 6
35 14 3 -6
35 16 -2 6
35 16 3 -6
35 17 -3 6
35 17 4 -6
35 19 -5 4
35 19 6 -4
35 20 -4 5
35 20 5 -5
35 25 -5 4
35 25 -4 5
35 25 -3 6
35 25 4 -6
35 25 5 -5
35 25 6 -4
36 -26 -4 -5
36 -26 -3 -6
36 -26 4 6
36 -26 5 5
36 -19 -4 -5
36 -19 5 5
36 -17 -5 -3
36 -17 -2 -6
36 -17 3 6
36 -17 6 3
36 -16 -5 -3
36 -16 -3 -6
36 -16 4 6
36 -16 6 3
36 -13 -2 -6
36 -13 3 6
36 13 -2 6
36 13 3 -6
36 16 -5 3
36 16 -3 6
36 16 4 -6
36 16 6 -3
36 17 -5 3
36 17 -2 6
36 17 3 -6
36 17 6 -3
36 19 -4 5
36 19 5 -5
36 26 -4 5
36 26 -3 6
36 26 4 -6
36 26 5 -5
37 -27 -4 -5
37 -27 5 5
37 -18 -5 -3
37 -18 -4 -5
37 -18 -3 -5
37 -18 -2 -6
37 -18 3 6
37 -18 4 5
37 -18 5 5
37 -18 6 3
37 -17 -3 -5
37 -17 4 5
37 -15 -5 -3
37 -15 6 3
37 -12 -2 -6
37 -12 3 6
37 -10 -1 -6
37 -10 2 6
37 -8 -1 -6
37 -8 2 6
37 8 -1 6
37 8 2 -6
37 10 -1 6
37 10 2 -6
37 12 -2 6
37 12 3 -6
37 15 -5 3
37 15 6 -3
37 17 -3 5
37 17 4 -5
37 18 -5 3
37 18 -4 5
37 18 -3 5
37 18 -2 6
37 18 3 -6
37 18 4 -5
37 18 5 -5
37 18 6 -3
37 27 -4 5
37 27 5 -5
38 -19 -5 -3
38 -19 -4 -4
38 -19 -3 -5
38 -19 -2 -6
38 -19 3 6
38 -19 4 5
38 -19 5 4
38 -19 6 3
38 -17 -4 -4
38 -17 5 4
38 -16 -3 -5
38 -16 4 5
38 -14 -5 -3
38 -14 6 3
38 -11 -2 -6
38 -11 -1 -6
38 -11 2 6
38 -11 3 6
38 -7 -1 -6
38 -7 2 6
38 -4 0 -6
38 -4 1 6
38 -2 0 -6
38 -2 1 6
38 2 0 6
38 2 1 -6
38 4 0 6
38 4 1 -6
38 7 -1 6
38 7 2 -6
38 11 -2 6
38 11 -1 6
38 11 2 -6
38 11 3 -6
38 14 -5 3
38 14 6 -3
38 16 -3 5
38 16 4 -5
38 17 -4 4
38 17 5 -4
38 19 -5 3
38 19 -4 4
38 19 -3 5
38 19 -2 6
38 19 3 -6
38 19 4 -5
38 19 5 -4
38 19 6 -3
39 -20 -4 -4
39 -20 -3 -5
39 -20 -2 -6
39 -20 3 6
39 -20 4 5
39 -20 5 4
39 -16 -4 -4
39 -16 5 4
39 -15 -3 -5
39 -15 4 5
39 -12 -5 -2
39 -12 -1 -6
39 -12 2 6
39 -12 6 2
39 -10 -5 -2
39 -10 -2 -6
39 -10 3 6
39 -10 6 2
39 -6 -1 -6
39 -6 2 6
39 -5 0 -6
39 -5 1 6
39 -1 0 -6
39 -1 1 6
39 1 0 6
39 1 1 -6
39 5 0 6
39 5 1 -6
39 6 -1 6
39 6 2 -6
39 10 -5 2
39 10 -2 6
39 10 3 -6
39 10 6 -2
39 12 -5 2
39 12 -1 6
39 12 2 -6
39 12 6 -2
39 15 -3 5
39 15 4 -5
39 16 -4 4
39 16 5 -4
39 20 -4 4
39 20 -3 5
39 20 -2 6
39 20 3 -6
39 20 4 -5
39 20 5 -4
40 -21 -4 -4
40 -21 -3 -5
40 -21 4 5
40 -21 5 4
40 -15 -4 -4
40 -15 5 4
40 -14 -3 -5
40 -14 4 5
40 -13 -2 -5
40 -13 -1 -6
40 -13 2 6
40 -13 3 5
40 -12 -2 -5
40 -12 3 5
40 -6 0 -6
40 -6 1 6
40 -5 -1 -6
40 -5 2 6
40 0 0 -6
40 0 0 6
40 0 1 -6
40 0 1 6
40 5 -1 6
40 5 2 -6
40 6 0 6
40 6 1 -6
40 12 -2 5
40 12 3 -5
40 13 -2 5
40 13 -1 6
40 13 2 -6
40 13 3 -5
40 14 -3 5
40 14 4 -5
40 15 -4 4
40 15 5 -4
40 21 -4 4
40 21 -3 5
40 21 4 -5
40 21 5 -4
41 -22 -3 -5
41 -22 4 5
41 -14 -4 -3
41 -14 -2 -5
41 -14 -1 -6
41 -14 2 6
41 -14 3 5
41 -14 5 3
41 -13 -4 -3
41 -13 -3 -5
41 -13 4 5
41 -13 5 3
41 -11 -2 -5
41 -11 3 5
41 -7 0 -6
41 -7 1 6
41 -4 -1 -6
41 -4 2 6
41 -1 0 6
41 -1 1 -6
41 1 0 -6
41 1 1 6
41 4 -1 6
41 4 2 -6
41 7 0 6
41 7 1 -6
41 11 -2 5
41 11 3 -5
41 13 -4 3
41 13 -3 5
41 13 4 -5
41 13 5 -3
41 14 -4 3
41 14 -2 5
41 14 -1 6
41 14 2 -6
41 14 3 -5
41 14 5 -3
41 22 -3 5
41 22 4 -5
42 -15 -4 -3
42 -15 -3 -4
42 -15 -2 -5
42 -15 3 5
42 -15 4 4
42 -15 5 3
42 -13 -3 -4
42 -13 4 4
42 -12 -4 -3
42 -12 5 3
42 -10 -2 -5
42 -10 3 5
42 -8 -1 -5
42 -8 0 -6
42 -8 1 6
42 -8 2 5
42 -7 -1 -5
42 -7 2 5
42 -2 0 6
42 -2 1 -6
42 2 0 -6
42 2 1 6
42 7 -1 5
42 7 2 -5
42 8 -1 5
42 8 0 6
42 8 1 -6
42 8 2 -5
42 10 -2 5
42 10 3 -5
42 12 -4 3
42 12 5 -3
42 13 -3 4
42 13 4 -4
42 15 -4 3
42 15 -3 4
42 15 -2 5
42 15 3 -5
42 15 4 -4
42 15 5 -3
43 -16 -4 -3
43 -16 -3 -4
43 -16 -2 -5
43 -16 3 5
43 -16 4 4
43 -16 5 3
43 -12 -3 -4
43 -12 4 4
43 -11 -4 -3
43 -11 5 3
43 -9 -2 -5
43 -9 -1 -5
43 -9 2 5
43 -9 3 5
43 -6 -1 -5
43 -6 2 5
43 -3 0 -5
43 -3 1 5
43 -2 0 -5
43 -2 1 5
43 2 0 5
43 2 1 -5
43 3 0 5
43 3 1 -5
43 6 -1 5
43 6 2 -5
43 9 -2 5
43 9 -1 5
43 9 2 -5
43 9 3 -5
43 11 -4 3
43 11 5 -3
43 12 -3 4
43 12 4 -4
43 16 -4 3
43 16 -3 4
43 16 -2 5
43 16 3 -5
43 16 4 -4
43 16 5 -3
44 -17 -3 -4
44 -17 -2 -5
44 -17 3 5
44 -17 4 4
44 -11 -3 -4
44 -11 4 4
44 -10 -4 -2
44 -10 -1 -5
44 -10 2 5
44 -10 5 2
44 -8 -4 -2
44 -8 -2 -5
44 -8 3 5
44 -8 5 2
44 -5 -1 -5
44 -5 2 5
44 -4 0 -5
44 -4 1 5
44 -1 0 -5
44 -1 1 5
44 1 0 5
44 1 1 -5
44 4 0 5
44 4 1 -5
44 5 -1 5
44 5 2 -5
44 8 -4 2
44 8 -2 5
44 8 3 -5
44 8 5 -2
44 10 -4 2
44 10 -1 5
44 10 2 -5
44 10 5 -2
44 11 -3 4
44 11 4 -4
44 17 -3 4
44 17 -2 5
44 17 3 -5
44 17 4 -4
45 -11 -3 -3
45 -11 -2 -4
45 -11 -1 -5
45 -11 2 5
45 -11 3 4
45 -11 4 3
45 -10 -3 -3
45 -10 4 3
45 -9 -2 -4
45 -9 3 4
45 -5 0 -5
45 -5 1 5
45 -4 -1 -5
45 -4 2 5
45 0 0 -5
45 0 0 5
45 0 1 -5
45 0 1 5
45 4 -1 5
45 4 2 -5
45 5 0 5
45 5 1 -5
45 9 -2 4
45 9 3 -4
45 10 -3 3
45 10 4 -3
45 11 -3 3
45 11 -2 4
45 11 -1 5
45 11 2 -5
45 11 3 -4
45 11 4 -3
46 -12 -3 -3
46 -12 -2 -4
46 -12 -1 -5
46 -12 2 5
46 -12 3 4
46 -12 4 3
46 -9 -3 -3
46 -9 4 3
46 -8 -2 -4
46 -8 3 4
46 -6 0 -5
46 -6 1 5
46 -3 -1 -5
46 -3 2 5
46 -1 0 5
46 -1 1 -5
46 1 0 -5
46 1 1 5
46 3 -1 5
46 3 2 -5
46 6 0 5
46 6 1 -5
46 8 -2 4
46 8 3 -4
46 9 -3 3
46 9 4 -3
46 12 -3 3
46 12 -2 4
46 12 -1 5
46 12 2 -5
46 12 3 -4
46 12 4 -3
47 -13 -3 -3
47 -13 -2 -4
47 -13 3 4
47 -13 4 3
47 -8 -3 -3
47 -8 4 3
47 -7 -2 -4
47 -7 -1 -4
47 -7 0 -5
47 -7 1 5
47 -7 2 4
47 -7 3 4
47 -5 -1 -4
47 -5 2 4
47 -2 0 5
47 -2 1 -5
47 2 0 -5
47 2 1 5
47 5 -1 4
47 5 2 -4
47 7 -2 4
47 7 -1 4
47 7 0 5
47 7 1 -5
47 7 2 -4
47 7 3 -4
47 8 -3 3
47 8 4 -3
47 13 -3 3
47 13 -2 4
47 13 3 -4
47 13 4 -3
48 -8 -3 -2
48 -8 -2 -3
48 -8 -1 -4
48 -8 2 4
48 -8 3 3
48 -8 4 2
48 -7 -2 -3
48 -7 3 3
48 -6 -3 -2
48 -6 4 2
48 -4 -1 -4
48 -4 2 4
48 -3 0 -4
48 -3 1 4
48 -1 0 -4
48 -1 1 4
48 1 0 4
48 1 1 -4
48 3 0 4
48 3 1 -4
48 4 -1 4
48 4 2 -4
48 6 -3 2
48 6 4 -2
48 7 -2 3
48 7 3 -3
48 8 -3 2
48 8 -2 3
48 8 -1 4
48 8 2 -4
48 8 3 -3
48 8 4 -2
49 -9 -2 -3
49 -9 -1 -4
49 -9 2 4
49 -9 3 3
49 -6 -2 -3
49 -6 3 3
49 -4 0 -4
49 -4 1 4
49 -3 -1 -4
49 -3 2 4
49 0 0 -4
49 0 0 4
49 0 1 -4
49 0 1 4
49 3 -1 4
49 3 2 -4
49 4 0 4
49 4 1 -4
49 6 -2 3
49 6 3 -3
49 9 -2 3
49 9 -1 4
49 9 2 -4
49 9 3 -3
50 -10 -2 -3
50 -10 3 3
50 -5 -2 -3
50 -5 -1 -3
50 -5 0 -4
50 -5 1 4
50 -5 2 3
50 -5 3 3
50 -4 -1 -3
50 -4 2 3
50 -1 0 4
50 -1 1 -4
50 1 0 -4
50 1 1 4
50 4 -1 3
50 4 2 -3
50 5 -2 3
50 5 -1 3
50 5 0 4
50 5 1 -4
50 5 2 -3
50 5 3 -3
50 10 -2 3
50 10 3 -3
51 -6 -2 -2
51 -6 -1 -3
51 -6 2 3
51 -6 3 2
51 -4 -2 -2
51 -4 3 2
51 -3 -1 -3
51 -3 2 3
51 -2 0 -3
51 -2 1 3
51 -1 0 -3
51 -1 1 3
51 1 0 3
51 1 1 -3
51 2 0 3
51 2 1 -3
51 3 -1 3
51 3 2 -3
51 4 -2 2
51 4 3 -2
51 6 -2 2
51 6 -1 3
51 6 2 -3
51 6 3 -2
52 -7 -1 -3
52 -7 2 3
52 -3 0 -3
52 -3 1 3
52 -2 -1 -3
52 -2 2 3
52 0 0 -3
52 0 0 3
52 0 1 -3
52 0 1 3
52 2 -1 3
52 2 2 -3
52 3 0 3
52 3 1 -3
52 7 -1 3
52 7 2 -3
53 -4 -1 -2
53 -4 0 -3
53 -4 1 3
53 -4 2 2
53 -2 -1 -2
53 -2 2 2
53 -1 0 3
53 -1 1 -3
53 1 0 -3
53 1 1 3
53 2 -1 2
53 2 2 -2
53 4 -1 2
53 4 0 3
53 4 1 -3
53 4 2 -2
54 -2 0 -2
54 -2 1 2
54 0 0 -2
54 0 0 2
54 0 1 -2
54 0 1 2
54 2 0 2
54 2 1 -2
